================================================================================
       發音錯誤檢測之分類效能比較 (以 MCC 分數排序)
================================================================================
                Method  Accuracy  Precision  Recall  F1-Score      MCC
     mean_logit_margin  0.937500   1.000000     0.2  0.333333 0.432784
prosetrior_probability  0.937500   1.000000     0.2  0.333333 0.432784
         gmm_weights_0  0.929688   0.600000     0.3  0.400000 0.392074
          entropy_mean  0.906250   0.400000     0.4  0.400000 0.349153
         autocorr_lag1  0.578125   0.156250     1.0  0.270270 0.291111
              kurtosis  0.507812   0.136986     1.0  0.240964 0.252685
            gmm_vars_0  0.703125   0.166667     0.7  0.269231 0.230564
              skewness  0.851562   0.235294     0.4  0.296296 0.229192
           gmm_means_0  0.921875   0.500000     0.1  0.166667 0.198053
             max_logit  0.882812   0.222222     0.2  0.210526 0.147663
                evt_k3  0.914062   0.333333     0.1  0.153846 0.147323
           gmm_means_1  0.875000   0.200000     0.2  0.200000 0.132203
            gmm_vars_1  0.906250   0.250000     0.1  0.142857 0.115027
        logit_variance  0.117188   0.081301     1.0  0.150376 0.058694
         gmm_weights_1  0.921875   0.000000     0.0  0.000000 0.000000
================================================================================